5 1 5 3
5 2 5 11
5 3 5 7
5 4 4 5
5 19 5 19
5 20 4 4
5 21 6 7
6 6 6 24
6 7 5 9
6 8 5 6
6 9 6 6
6 10 5 5
6 11 5 5
6 12 5 8
6 13 7 14
6 14 5 5
6 15 6 6
6 16 6 8
6 17 6 9
6 18 5 11
6 19 5 8
6 20 4 22
6 21 6 7
6 22 7 9
6 23 4 9
6 24 6 6
6 25 7 8
6 26 7 13
6 27 5 7
6 28 4 4
6 29 6 10
6 30 5 11
7 1 6 11
7 2 7 10
7 3 8 12
7 4 13 38
7 5 6 14
7 6 9 19
7 7 8 26
7 8 8 13
7 9 6 12
7 10 6 8
7 11 7 8
7 12 10 22
7 13 7 13
7 14 8 11
7 15 5 12
7 16 8 19
7 17 8 15
7 18 7 16
7 19 8 23
7 20 5 10
7 21 6 12
7 22 8 27
7 23 6 12
7 24 7 22
7 25 6 15
7 26 10 55
7 27 7 17
7 28 7 12
7 29 7 16
7 30 7 14
